101 1657 
1737 2840 
2989 5046 
5215 5658 
6442 9078 
11033 11488 
12362 12673 
14026 14376 
14383 15156 
15339 15842 
15945 16601 
16724 17005 
17268 19445 
19708 20031 
20064 21035 
21271 22227 
22340 24355 
24451 25761 
25758 26186 
26260 26901 
26963 27700 
27694 28134 
28131 28808 
29944 31008 
31202 32119 
32204 34117 
34364 35692 
35895 36062 
36017 36412 
36476 37756 
39054 39617 
39635 40522 
40626 41987 
42099 42473 
42861 43901 
44102 47317 
47324 47872 
47875 48438 
49619 50008 
50266 50550 
50604 51737 
56642 56827 
57946 59025 
59399 59908 
60249 60689 
60804 61304 
61320 62015 
62069 62479 
62654 64330 
64444 65535 
65809 67683 
67745 69040 
69386 70072 
70588 71508 
71650 74439 
74859 75542 
76633 77127 
77157 78125 
78226 78675 
78881 79540 
82057 85491 
86024 86257 
86235 86438 
86733 87569 
87621 88913 
88969 90879 
90927 92132 
92233 93474 
93642 95063 
95258 96367 
96399 96863 
96892 97734 
98473 99552 
99632 100144 
101092 103233 
103252 103797 
103815 104462 
104463 105062 
105065 106180 
106332 108728 
108848 109477 
109684 110307 
110522 112537 
112530 113717 
113833 114897 
114942 115790 
116181 117350 
117415 118941 
118989 119555 
119933 121246 
121514 122143 
122156 123475 
123510 125003 
125222 125479 
125500 125943 
126029 128071 
128665 129708 
129705 129986 
130238 131392 
131401 131628 
132036 133310 
133495 133842 
133856 134071 
135435 136661 
136760 137140 
137149 137808 
137836 138351 
138439 138861 
139127 139495 
139492 140130 
140767 141852 
141909 143429 
143632 145131 
145269 145931 
145945 146559 
146794 148017 
148307 149686 
149829 150653 
150655 151170 
151289 152224 
153058 153354 
153372 153827 
154135 155361 
155552 156925 
157139 158143 
158332 158571 
158574 159110 
159149 160030 
160935 161729 
161954 164557 
164619 165272 
166155 166493 
166538 166915 
166973 167338 
167320 167859 
167902 168768 
168988 169902 
169979 170854 
170889 171644 
171935 172300 
172315 173064 
173064 173573 
173589 173834 
176420 177826 
177839 178516 
178592 180520 
180510 180863 
180872 181480 
181524 182294 
182307 182993 
182997 183200 
183247 183570 
183644 183967 
184108 185172 
185445 185894 
186038 187156 
187287 187553 
187764 189617 
189621 190556 
190761 191030 
191140 192432 
192448 192591 
192607 193572 
193572 194459 
194585 195880 
195974 197278 
197899 199158 
199379 201763 
202118 202771 
202897 203718 
203804 204466 
204504 205331 
205713 206336 
206609 207748 
208958 209488 
209862 211457 
211564 211959 
211990 212757 
212770 213507 
213540 214178 
214308 215942 
215995 217053 
217074 218603 
218659 219654 
220045 220386 
220444 221820 
221839 222708 
222736 223335 
223328 223561 
223669 224202 
224304 224762 
225312 227198 
227229 227648 
227755 227895 
227927 228169 
228495 228830 
228925 230382 
230397 231227 
231304 231693 
231840 232367 
232810 233985 
234042 236513 
236647 237933 
238127 238699 
238783 239778 
239838 240458 
240680 241960 
242115 242276 
242362 243393 
243599 244132 
244532 245293 
245316 245612 
245634 245831 
246354 247139 
247176 248048 
248108 248719 
248827 249051 
249082 249468 
249469 250149 
250171 250467 
250772 251806 
251885 252310 
252388 252864 
252911 253234 
253401 254120 
254155 255090 
255243 255485 
255448 257229 
257381 260212 
260687 261313 
261372 261863 
261963 263507 
263701 264198 
264191 265231 
265245 266519 
266550 266990 
266995 267354 
267427 268164 
268197 268766 
268763 269332 
269347 270126 
270402 271031 
271114 272316 
272392 276990 
277376 279595 
279665 280435 
280467 281591 
283145 283924 
283976 284455 
284457 285455 
285576 285995 
286020 286586 
286677 287561 
287751 288137 
288137 288235 
288294 289157 
289421 290959 
291029 291769 
291964 293694 
293691 294158 
294349 295359 
295441 296556 
296864 298777 
298912 299316 
299463 299660 
299673 300032 
300273 301262 
301279 301692 
301631 302032 
302046 302291 
302297 303046 
303137 305500 
305574 305876 
305860 306168 
306344 306829 
307021 307245 
307463 308764 
308761 309408 
309423 309899 
310420 311310 
311495 311944 
311948 312910 
312891 313745 
313826 314767 
314868 315470 
315654 317327 
318191 319810 
319930 320298 
320341 321078 
321298 321777 
321904 322398 
322408 322782 
322836 323012 
323043 323363 
323487 323780 
323909 324847 
325174 325608 
325660 326535 
326707 326907 
327073 327306 
327678 328541 
328734 329597 
329834 331954 
332027 332695 
332692 333006 
333143 333994 
333991 334596 
334792 335724 
335824 336729 
336729 336941 
337572 338591 
338737 340530 
340672 341373 
341541 342671 
342705 343682 
343686 344036 
344041 344820 
344846 345061 
345162 345473 
345473 345589 
345579 346205 
346228 346548 
346717 347364 
347388 348212 
348212 349180 
349462 349884 
349902 350666 
350678 352012 
352009 353226 
353301 354365 
354428 356317 
356318 357355 
357352 358476 
358491 358610 
358803 360182 
360457 360936 
361061 361420 
361459 365061 
365138 366226 
366333 367157 
367147 367863 
367873 368628 
368684 370066 
370234 370743 
370863 372482 
372507 372869 
372866 373072 
373133 373711 
373764 374042 
374035 374472 
374688 376655 
376719 377339 
377522 377731 
377915 378916 
378980 380137 
380340 381113 
381310 381975 
382030 382788 
382813 383703 
383723 384289 
384339 385115 
385170 385814 
385832 386872 
386916 388295 
388632 389783 
389888 391186 
391422 392261 
392476 393123 
393647 394387 
394443 395405 
395469 396473 
396548 398092 
398208 399059 
403794 406085 
406087 406389 
406634 406837 
407136 408467 
408621 409127 
409174 409905 
409957 411657 
412015 413373 
413546 413869 
413974 414927 
416292 416996 
417062 417628 
417723 418112 
418164 419063 
419094 420596 
421329 422624 
422752 423408 
423464 423688 
425171 425461 
425782 426030 
426020 426562 
426726 427649 
427728 428369 
428424 429215 
429598 430389 
430512 431348 
431675 433513 
433653 434234 
434244 435089 
435428 436411 
436478 437050 
437176 438345 
438494 440020 
440076 441152 
441293 442114 
442303 443139 
443320 443652 
443983 444492 
444722 445303 
445467 446873 
447028 447690 
447722 448330 
448327 449268 
449247 449858 
449845 450333 
450403 450711 
450963 451415 
451581 452033 
452111 453298 
453609 454388 
454919 456115 
456471 456740 
456935 457618 
457629 458165 
458276 458491 
458543 459034 
459031 459213 
459353 460039 
460108 460269 
460266 460541 
460694 461026 
461951 462151 
462349 462762 
462759 463259 
463237 463674 
463787 464449 
464578 464808 
464888 465043 
465020 465208 
465382 465609 
465606 465743 
465727 466791 
466788 468149 
468487 468942 
468966 469115 
469144 469425 
469416 469796 
470063 470470 
470561 471721 
472003 472872 
473165 473614 
473676 475097 
475094 477241 
477309 478466 
478507 480006 
480058 480375 
480378 480908 
480908 481390 
481387 481815 
481841 482614 
482675 483004 
483016 483282 
483282 483881 
483878 484732 
484734 485165 
485193 485639 
489967 490272 
490343 490813 
490814 491146 
491340 491447 
491502 491849 
491849 492085 
492292 492831 
492832 493176 
493115 493333 
493645 493794 
493824 496871 
496931 497410 
497752 498741 
499430 500464 
501468 502121 
502255 504282 
504371 505924 
506175 507368 
507365 508348 
508359 509795 
511530 511742 
511942 513468 
513550 514647 
514689 514922 
515898 516455 
516415 517008 
516996 517922 
517987 518544 
518902 520677 
520787 523726 
523820 524779 
524871 525737 
525769 526131 
526206 526685 
526707 527399 
527403 528278 
528489 531914 
532129 533112 
533383 534873 
534941 536338 
536615 537175 
537376 538029 
540573 542123 
542547 544331 
544884 546446 
546596 549259 
549956 551668 
551731 552387 
552397 552852 
552845 553393 
553395 553955 
554281 556077 
556204 557679 
558009 560036 
560214 560972 
561381 561728 
562052 562768 
566352 568529 
568668 569618 
569774 570142 
570452 570682 
570699 571151 
571774 572580 
572581 573327 
573909 574391 
574438 575811 
575871 578309 
578508 578957 
579182 580492 
580588 581202 
581256 582521 
582537 583298 
583301 584395 
584539 584964 
585022 586173 
586703 587530 
588799 589206 
589402 589716 
589727 591412 
591565 592221 
592454 593824 
594298 594990 
595058 597034 
597213 597878 
597931 598758 
598846 599613 
599876 600187 
600718 602997 
603119 603268 
603289 604443 
604564 604854 
604895 605173 
605341 606627 
606674 607114 
607129 607971 
607993 608376 
609066 612770 
612829 614382 
614530 615621 
615744 617750 
617973 618626 
618845 621595 
621693 622193 
622275 622496 
622456 622776 
622863 623249 
623262 623729 
624067 624318 
624357 625571 
625600 626046 
626396 627568 
627717 630491 
632916 633836 
633894 634418 
634429 634800 
634983 636227 
636334 637527 
637931 638431 
638516 639070 
639635 641023 
641234 642298 
642350 642682 
642980 643453 
643524 644315 
644542 645897 
646397 647938 
647997 649046 
649267 649899 
650029 651039 
651266 652696 
652739 653671 
653668 655113 
655176 655466 
655616 656269 
656274 657617 
657666 658094 
658440 659696 
659732 660580 
660642 661457 
661701 662486 
662604 662795 
662792 663445 
663473 664543 
664577 665308 
665324 666595 
666762 667523 
667465 667719 
667814 669223 
669475 670824 
670947 671624 
671697 672422 
672574 673854 
673860 675038 
675035 677506 
678164 678940 
679128 679922 
679969 681378 
681451 681819 
682070 682366 
682249 682641 
682756 683376 
685231 687153 
687110 687976 
688346 688882 
689153 690463 
690562 693588 
693638 693871 
693918 695120 
695113 695673 
695684 696526 
698505 699842 
700339 700548 
700800 701027 
709082 709330 
709340 709510 
709673 710713 
710876 711916 
712511 713149 
713359 715194 
715714 717159 
717311 718006 
717987 718973 
719022 719870 
720096 721742 
721959 722972 
723017 723157 
723262 723645 
724283 724720 
724805 725095 
725092 725403 
725419 725748 
728138 728701 
728872 729486 
729608 729934 
730616 730855 
730883 731536 
731558 731842 
731879 732142 
732162 732410 
732371 733441 
733650 734429 
735329 736387 
738491 739255 
739455 740501 
741154 741489 
741570 743693 
745907 746092 
746103 746771 
746771 747484 
747532 748017 
748459 748914 
748932 749228 
749939 750847 
751003 751659 
751656 753425 
753632 754246 
754322 755026 
755034 755897 
755910 756476 
756490 757173 
757418 758449 
758531 758839 
759257 760489 
760568 762196 
762346 762720 
762769 764307 
764374 764991 
765047 765325 
765551 766798 
766791 767486 
767553 769298 
769591 769956 
769985 770986 
770789 771574 
771826 774288 
774470 774739 
774915 775349 
775342 776649 
776845 777216 
777293 779215 
779688 780200 
780248 780424 
780645 781340 
781330 783372 
783369 785921 
785918 786337 
786847 787308 
787278 787799 
787855 788106 
788169 788450 
788462 789112 
789114 789848 
789850 791163 
791173 791892 
791889 792470 
792480 795056 
795084 795632 
795632 796177 
796186 796842 
796839 797957 
797972 798724 
798721 799965 
799962 801545 
801532 801957 
801969 802745 
802917 804422 
804432 807431 
807473 808018 
808022 808180 
808675 809253 
809456 809728 
809873 810487 
810540 811490 
811729 812163 
812180 812491 
812895 813359 
813448 814227 
814448 814540 
814540 814725 
814798 815313 
815405 815986 
817832 818056 
818292 818408 
818504 818614 
818608 818865 
819113 821596 
821692 822183 
822185 822463 
822702 823109 
823381 823935 
824289 824630 
824856 825437 
825447 825962 
827147 827596 
827860 828432 
828536 829075 
829090 831078 
831321 831752 
832772 833821 
834012 835529 
835529 836278 
836281 836886 
836876 838366 
838363 839250 
840045 840704 
840683 841192 
841207 842154 
842261 843331 
843516 843791 
843793 844416 
844409 845392 
845868 846332 
846360 846833 
847161 847481 
847530 850088 
850235 851698 
852034 854409 
855110 856921 
857038 857928 
857993 858649 
859078 860160 
860228 860911 
860916 861950 
861977 862264 
862345 863742 
863915 865774 
866194 867033 
867129 868379 
868388 869764 
869826 870131 
870143 870496 
870758 870955 
870965 871750 
871824 873134 
873208 874161 
874373 874774 
874842 875039 
875252 875599 
875852 876193 
876249 876998 
877037 877573 
877871 879889 
879904 880776 
880851 882164 
882246 882965 
883131 883802 
883812 884099 
884175 884822 
887082 887750 
887747 888415 
888420 888707 
889005 889901 
890071 891201 
891275 892126 
892211 892873 
893072 894865 
895111 896220 
896233 897495 
897671 900715 
900880 901560 
901589 901948 
902553 903089 
903123 903479 
903535 904137 
904163 905074 
905182 905514 
905564 905806 
905866 907029 
907188 907406 
907573 907863 
910024 910266 
910333 911583 
911656 912045 
913923 914567 
914586 916496 
916518 916883 
916995 918470 
918554 919492 
919493 920353 
920370 921449 
921552 922034 
922187 923188 
923768 924373 
925116 925361 
925358 925936 
925941 926342 
927039 927209 
927342 928424 
928560 929108 
929248 929619 
929804 931495 
931592 932011 
932591 936424 
937562 937744 
937917 938048 
939776 940252 
940643 941944 
942022 942555 
942612 944189 
944250 945791 
945939 946718 
946715 947416 
947413 948867 
949016 949435 
949435 949671 
950702 951103 
951321 951794 
952111 953001 
953012 954178 
954250 954537 
954657 956090 
956351 957532 
957632 960460 
960665 961948 
962060 962308 
962312 963019 
963139 964902 
964905 965246 
965240 965617 
965904 967373 
967556 968293 
968572 970848 
970984 971865 
972056 972331 
972331 972456 
972542 972760 
972903 974042 
974039 974620 
975715 976275 
976318 977475 
977488 977796 
978117 979058 
979062 979781 
979786 980274 
980340 981092 
982908 983783 
983861 984988 
985045 985977 
986489 987178 
987192 987398 
987858 990575 
991199 991369 
991601 992818 
993020 993748 
993830 994294 
994511 995287 
995532 996386 
996427 997635 
997727 999445 
999997 1001415 
1001751 1001861 
1001868 1002614 
1002793 1003464 
1003533 1004204 
1004281 1004763 
1004795 1005484 
1005481 1006215 
1006371 1007681 
1007671 1007856 
1007856 1008155 
1008506 1009702 
1010215 1012020 
1012147 1012617 
1012690 1013502 
1013589 1014071 
1014544 1014870 
1014980 1016347 
1016388 1016693 
1019076 1019522 
1019577 1020587 
1020984 1021853 
1022086 1022271 
1022621 1023469 
1023856 1025091 
1025114 1025734 
1025768 1026277 
1026372 1026923 
1027206 1027628 
1027760 1030510 
1030656 1032428 
1032615 1034543 
1034583 1034834 
1035119 1035583 
1035643 1036266 
1036408 1036767 
1036883 1037533 
1037540 1037908 
1037935 1038519 
1040051 1040401 
1040511 1040807 
1040836 1041045 
1041038 1041328 
1041333 1041620 
1042746 1043786 
1044020 1044400 
1044491 1044670 
1044609 1044902 
1044889 1045173 
1046064 1047842 
1050289 1051464 
1051806 1052354 
1052357 1053853 
1054387 1056366 
1056510 1057898 
1057963 1058886 
1059259 1059783 
1059787 1061190 
1061281 1061904 
1062406 1062642 
1062661 1062984 
1063561 1064265 
1064250 1064414 
1064751 1065497 
1065660 1067168 
1067378 1067722 
1068039 1068584 
1068665 1069675 
1069935 1072514 
1072586 1073800 
1073889 1074098 
1074290 1075096 
1075064 1075156 
1076770 1077480 
1077553 1078014 
1078088 1078249 
1078402 1078884 
1079282 1080493 
1080397 1081143 
1083083 1083868 
1083979 1085412 
1085813 1086607 
1086368 1086748 
1087271 1089352 
1089342 1089536 
1089659 1089844 
1090091 1091053 
1091093 1092622 
1092591 1092794 
1092815 1093174 
1093305 1093496 
1093496 1093705 
1094962 1095306 
1095348 1096217 
1096221 1096631 
1096767 1096883 
1097125 1098303 
1098342 1098491 
1098546 1098848 
1099349 1099522 
1099540 1099857 
1100215 1100520 
1100523 1100846 
1101013 1101198 
1105170 1105856 
1107258 1107704 
1107755 1108576 
1108695 1109153 
1109296 1110432 
1110776 1113001 
1113298 1113618 
1114560 1114727 
1114887 1115738 
1115924 1116598 
1116595 1117080 
1117086 1117559 
1117614 1118909 
1118930 1126852 
1126849 1128045 
1130533 1131807 
1131788 1132327 
1132327 1132749 
1132814 1133332 
1133323 1133706 
1133703 1134008 
1134001 1134438 
1134429 1134710 
1134739 1134888 
1134915 1135412 
1135255 1135749 
1135824 1136069 
1136086 1137447 
1137444 1137764 
1138043 1138510 
1138494 1138631 
1138628 1138855 
1139236 1139952 
1140112 1140651 
1140652 1141011 
1141028 1141246 
1141730 1141930 
1141963 1142439 
1142436 1142711 
1142853 1143185 
1143338 1143613 
1143610 1143771 
1143840 1144526 
1144666 1144848 
1144845 1145021 
1145043 1145339 
1145391 1145606 
1145717 1146700 
1146697 1146927 
1146899 1147111 
1147137 1147331 
1147622 1148296 
1148289 1148882 
1149050 1149250 
1149235 1150095 
1150833 1151192 
1151313 1151750 
1151789 1152397 
1152402 1154267 
1154209 1154526 
1154654 1154932 
1154939 1155157 
1155243 1155446 
1155460 1155771 
1155785 1156816 
1157098 1157322 
1157718 1157924 
1158019 1159188 
1159334 1160104 
1160206 1160457 
1160509 1161315 
1161505 1163145 
1163243 1164655 
1165138 1165596 
1165686 1166540 
1166873 1167526 
1167494 1168762 
1169463 1170269 
1170327 1171181 
1171222 1171746 
1172077 1173039 
1173550 1173909 
1174030 1175058 
1175126 1175416 
1175417 1176211 
1176422 1176988 
1176930 1177247 
1177375 1177653 
1177953 1178150 
1178155 1178445 
1178490 1179836 
1179974 1180396 
1183392 1183538 
1183654 1183908 
1183915 1184364 
1184452 1184751 
1191308 1191652 
1192122 1192775 
1192867 1193205 
1193357 1197313 
1197384 1198595 
1198669 1198980 
1199212 1199964 
1200198 1201652 
1201738 1202646 
1202891 1203559 
1203578 1203796 
1203941 1204285 
1204285 1204977 
1205044 1206264 
1206324 1207733 
1207921 1209312 
1209263 1210882 
1211112 1212686 
1212788 1215982 
1216102 1217064 
1217410 1217628 
1217731 1218180 
1218396 1219424 
1219488 1220078 
1220489 1222765 
1223305 1224084 
1224238 1227087 
1227105 1227746 
1227750 1228883 
1228966 1229379 
1229376 1230029 
1230171 1231805 
1231917 1233587 
1233658 1234809 
1234886 1235359 
1235491 1235874 
1236033 1236989 
1237081 1238802 
1238972 1239655 
1239698 1240600 
1240749 1241465 
1241988 1242449 
1242528 1243196 
1243215 1243937 
1243948 1244766 
1245026 1245466 
1245529 1246935 
1247108 1248223 
1248220 1249290 
1249605 1252190 
1252332 1253327 
1253446 1254459 
1254539 1254832 
1254899 1255390 
1255401 1257128 
1258182 1258835 
1258914 1259579 
1259671 1260558 
1260555 1261844 
1261890 1262969 
1262986 1263897 
1263973 1264701 
1264652 1264843 
1265078 1265509 
1265520 1266374 
1266425 1267525 
1268228 1268791 
1268897 1269367 
1269498 1269833 
1269962 1270867 
1270929 1271426 
1271604 1272467 
1272508 1273638 
1273809 1276466 
1277268 1277921 
1278899 1279582 
1279731 1282034 
1282054 1283772 
1283872 1284624 
1285167 1286129 
1286640 1286999 
1287120 1288205 
1288215 1288505 
1288506 1290074 
1290016 1290333 
1290461 1290739 
1291039 1291236 
1291241 1291531 
1291576 1292613 
1293596 1294000 
1294040 1295221 
1295323 1297578 
1297952 1299130 
1299308 1300063 
1300336 1300557 
1301354 1302055 
1302256 1302813 
1302888 1304522 
1304920 1306200 
1306392 1306823 
1306851 1308353 
1308365 1311196 
1311356 1312696 
1312770 1314110 
1314253 1314879 
1314944 1316362 
1316689 1317417 
1318986 1319450 
1319672 1320730 
1321272 1322627 
1322642 1322914 
1323039 1323902 
1323914 1324825 
1325770 1326435 
1326709 1327050 
1327386 1327685 
1333815 1334999 
1335066 1337222 
1337315 1337521 
1337579 1338196 
1338357 1338923 
1338969 1339760 
1340083 1341438 
1341872 1342090 
1342251 1342601 
1342586 1343524 
1343770 1344624 
1344837 1345502 
1345527 1346156 
1346497 1347801 
1347794 1349455 
1349455 1349973 
1349977 1350528 
1350518 1351159 
1351330 1351689 
1351720 1354572 
1354910 1355365 
1355383 1355679 
1355934 1356773 
1357198 1358391 
1358411 1359499 
1359646 1360746 
1360837 1361262 
1361336 1363321 
1363388 1363996 
1364078 1365373 
1365446 1366444 
1366569 1367645 
1367735 1368505 
1368508 1369500 
1369567 1370250 
1370440 1371774 
1371904 1372758 
1372898 1373791 
1373882 1375984 
1376048 1377526 
1377546 1378061 
1378068 1378385 
1378452 1378604 
1378697 1379509 
1380004 1380138 
1380240 1380905 
1380902 1382155 
1382448 1383206 
1383207 1384271 
1384310 1385842 
1387038 1387832 
1388256 1389590 
1389587 1389832 
1389829 1390608 
1390958 1391185 
1391563 1392966 
1393019 1396222 
1396234 1397472 
1397723 1398355 
1398448 1398660 
1398992 1400560 
1400628 1403837 
1403938 1405347 
1405692 1407011 
1407035 1407205 
1407210 1407821 
1407848 1409281 
1409455 1409571 
1409607 1411355 
1411420 1411848 
1412349 1412783 
1412786 1413448 
1413514 1414365 
1414621 1415259 
1415330 1415971 
1416114 1418327 
1418391 1418768 
1418837 1419292 
1419273 1419902 
1420051 1420281 
1420448 1420720 
1420933 1421436 
1421651 1422010 
1422013 1422573 
1422668 1422949 
1422927 1423361 
1423499 1423834 
1423831 1424562 
1425367 1425594 
1425653 1425976 
1425966 1426319 
1426616 1427164 
1427154 1428971 
1428975 1429916 
1430056 1430709 
1430776 1431357 
1431487 1433148 
1433282 1433776 
1433773 1434603 
1434600 1435496 
1435554 1436132 
1436139 1436909 
1439178 1440365 
1440369 1441508 
1441731 1442978 
1443131 1443517 
1443569 1444108 
1444255 1445355 
1445867 1446349 
1446405 1447001 
1446998 1447357 
1447716 1449137 
1449211 1449864 
1450102 1451445 
1451448 1452680 
1452673 1453449 
1453449 1454075 
1454079 1454672 
1454686 1455903 
1456142 1456252 
1456420 1457475 
1457501 1457716 
1457840 1458418 
1458601 1459419 
1459623 1461134 
1461786 1462247 
1462257 1462943 
1463130 1463402 
1463610 1465538 
1467744 1468721 
1470070 1470762 
1470954 1471568 
1473007 1475196 
1475336 1476121 
1476220 1478154 
1478220 1479398 
1479624 1480013 
1480287 1481333 
1481634 1485119 
1486132 1486617 
1486826 1487548 
1487817 1489403 
1489569 1489772 
1489888 1490385 
1490467 1491657 
1491888 1492343 
1492361 1492657 
1492713 1494224 
1494378 1495631 
1495910 1497886 
1499347 1499889 
1499889 1500185 
1500420 1501133 
1501156 1501251 
1501573 1501785 
1501973 1503553 
1503714 1504937 
1505001 1505834 
1506123 1507661 
1507665 1508048 
1508128 1509513 
1510538 1511449 
1512114 1512473 
1516444 1517226 
1517214 1517861 
1517871 1519013 
1519035 1519172 
1519278 1520312 
1520516 1521982 
1522180 1523103 
1523202 1525094 
1525261 1525545 
1525695 1527503 
1527561 1528262 
1528404 1529543 
1529712 1529975 
1530276 1531418 
1532528 1533064 
1539472 1540581 
1541308 1542120 
1542309 1542770 
1542767 1544017 
1544096 1544917 
1544963 1546105 
1546154 1546576 
1546569 1547378 
1547460 1547837 
1547887 1548615 
1548668 1549411 
1549448 1550536 
1550614 1551651 
1551667 1551945 
1551935 1552810 
1553066 1553392 
1553992 1554666 
1554950 1555762 
1555847 1556719 
1556777 1557931 
1557976 1558344 
1558518 1558961 
1559123 1559743 
1559854 1561053 
1561365 1561979 
1562003 1562530 
1563080 1564999 
1564999 1565685 
1565762 1566550 
1566702 1567850 
1567843 1567938 
1567935 1568714 
1568715 1568810 
1569433 1570743 
1570879 1572057 
1572176 1573420 
1573506 1574234 
1574224 1575138 
1575250 1576770 
1576814 1577881 
1577885 1579183 
1579335 1580672 
1580757 1581137 
1581262 1582344 
1582589 1582765 
1582768 1584126 
1584251 1585897 
1585920 1587398 
1587423 1589174 
1589235 1589498 
1589525 1590481 
1590478 1590933 
1591281 1592459 
1592900 1593721 
1593754 1594398 
1594401 1595264 
1595370 1596866 
1596880 1597200 
1597688 1599214 
1599466 1603071 
1603480 1604160 
1604293 1604628 
1605505 1606182 
1606456 1607226 
1607286 1607567 
1608302 1609183 
1609259 1610197 
1610399 1611511 
1611563 1613071 
1613311 1613760 
1613892 1614542 
1619550 1621226 
1621286 1621771 
1621764 1622720 
1623495 1624205 
1624569 1625519 
1625632 1626366 
1626501 1627922 
1628162 1629736 
1630061 1631161 
1631280 1632221 
1632225 1633679 
1633676 1634092 
1634228 1634905 
1634911 1635309 
1635340 1635717 
1635848 1636585 
1636582 1637001 
1637249 1637521 
1637642 1638187 
1638591 1638992 
1639264 1639758 
1639878 1641011 
1641018 1641338 
1641514 1641789 
1641786 1643069 
1643218 1644636 
1644947 1645756 
1645759 1646460 
1647000 1647734 
1647805 1648335 
1648316 1648897 
1648894 1649430 
1649496 1650470 
1650567 1651622 
1651634 1651768 
1651773 1652063 
1652080 1652967 
1653037 1654083 
1654173 1655327 
1655377 1655643 
1655751 1656698 
1656670 1656900 
1656897 1657709 
1658258 1658749 
1658746 1658928 
1659068 1659754 
1659823 1659984 
1659981 1660256 
1660409 1660741 
1660882 1661082 
1661748 1662395 
1662515 1662916 
1663371 1664189 
1664464 1665219 
1665359 1665544 
1665633 1665788 
1665765 1665953 
1666126 1666389 
1666386 1667285 
1667300 1668082 
1668395 1668889 
1668732 1669229 
1669256 1669405 
1669498 1670085 
1670414 1671376 
1671887 1672246 
1672367 1673452 
1673462 1673752 
1674323 1674550 
1674930 1675214 
1675215 1676402 
1676617 1677561 
1677864 1678403 
1678403 1678561 
1678545 1678886 
1678825 1679043 
1679377 1679757 
1679958 1680800 
1681299 1681475 
1681803 1682294 
1682368 1683126 
1683196 1684062 
1684111 1684389 
1684389 1684679 
1684682 1685212 
1688008 1688397 
1688450 1689658 
1689630 1690112 
1690254 1691252 
1691497 1692282 
1692437 1693258 
1693468 1695111 
1695621 1696853 
1696927 1697787 
1697784 1698416 
1698409 1698618 
1698704 1700380 
1700718 1701164 
1701168 1702142 
1702366 1702674 
1702699 1702971 
1703005 1704390 
1704579 1704734 
1704766 1704999 
1705249 1706772 
1706796 1707950 
1708239 1708712 
1708787 1709473 
1709823 1711115 
1711192 1712160 
1712361 1713791 
1715453 1715698 
1715810 1716238 
1716250 1716726 
1716756 1717244 
1717312 1718367 
1718984 1719280 
1719277 1719516 
1719654 1719770 
1720150 1720449 
1726156 1726362 
1726503 1727309 
1727529 1728899 
1729155 1729610 
1729665 1730084 
1730134 1731096 
1731216 1731413 
1731462 1731860 
1731968 1732879 
1732869 1734167 
1734264 1736498 
1736534 1737148 
1737284 1739152 
1739232 1740602 
1740674 1741306 
1741462 1743342 
1743820 1744818 
1744923 1747328 
1747398 1748402 
1748459 1749157 
1749595 1751133 
1751137 1751244 
1751266 1752222 
1752273 1753055 
1753118 1755421 
1755458 1756831 
1757141 1757929 
1757926 1758768 
1758674 1759399 
1759464 1759928 
1760056 1760742 
1760803 1761129 
1761211 1761795 
1761795 1761932 
1761958 1763814 
1763819 1764742 
1764768 1765079 
1765063 1765959 
1766076 1766375 
1766487 1767932 
1767942 1769438 
1771331 1773355 
1773358 1773663 
1773660 1774331 
1774343 1774822 
1774903 1775979 
1775982 1778243 
1778956 1780257 
1780647 1781120 
1781120 1782376 
1782366 1782959 
1782972 1783454 
1783445 1783801 
1784294 1785781 
1785768 1786388 
1786764 1786949 
1788125 1790332 
1790356 1790805 
1790756 1793446 
1793639 1793851 
1793988 1794461 
1794658 1795701 
1795897 1796133 
1796290 1797537 
1799509 1800636 
1801118 1801951 
1802238 1803752 
1805056 1806219 
1806800 1808836 
1808924 1809916 
1810062 1812452 
1812482 1813936 
1814354 1814551 
1815156 1817132 
1817278 1818117 
1818316 1819347 
1819603 1820328 
1820398 1820832 
1821059 1821436 
1821446 1822255 
1822895 1824049 
1824218 1825210 
1825703 1828462 
1828692 1829684 
1829843 1831270 
1831443 1833338 
1833406 1833990 
1834735 1835508 
1835607 1836230 
1836325 1836804 
1837056 1838183 
1838292 1838696 
1838644 1839129 
1839134 1840126 
1840268 1840825 
1840881 1841627 
1841630 1842427 
1842432 1843667 
1843702 1845042 
1845099 1847477 
1847543 1848043 
1848076 1849119 
1849155 1849604 
1849730 1850497 
1850540 1851316 
1851777 1853168 
1853247 1854506 
1854611 1857448 
1857525 1857989 
1858844 1859641 
1860158 1861210 
1861760 1862680 
1862684 1862947 
1862951 1863766 
1863795 1864508 
1864549 1864704 
1864655 1865023 
1865047 1866033 
1866059 1866679 
1867114 1867476 
1867676 1867894 
1867899 1869209 
1869221 1869655 
1869657 1869842 
1869835 1870353 
1870739 1871272 
1871286 1871678 
1871694 1871999 
1872002 1872541 
1872551 1872874 
1872886 1873254 
1873476 1873739 
1873739 1873930 
1873930 1874346 
1874330 1875022 
1875032 1875361 
1875370 1875648 
1875654 1876487 
1876493 1876807 
1876804 1877424 
1877424 1878068 
1878854 1879165 
1879183 1880367 
1880455 1882560 
1882579 1883049 
1883167 1883538 
1883873 1884802 
1884774 1885058 
1885254 1885793 
1885901 1886314 
1890930 1895108 
1895299 1895670 
1895728 1896228 
1896456 1897151 
1897151 1897585 
1897686 1898222 
1898224 1898502 
1898699 1899883 
1900300 1900551 
1900674 1901243 
1901332 1901505 
1901700 1902377 
1902362 1902595 
1903576 1905882 
1905954 1906415 
1906441 1907628 
1907719 1908996 
1908989 1911109 
1911109 1911708 
1911674 1912933 
1913012 1913938 
1914026 1914529 
1914941 1916164 
1916585 1917229 
1917298 1917756 
1917766 1918686 
1918921 1919763 
1921420 1921938 
1922209 1923681 
1924092 1924439 
1924461 1925267 
1925350 1925772 
1926117 1926314 
1926324 1927340 
1927439 1928653 
1928918 1929235 
1929206 1930330 
1930393 1931400 
1931393 1932394 
1932425 1934698 
1934813 1935829 
1935830 1936870 
1936831 1937841 
1937980 1938537 
1938581 1940599 
1940794 1941915 
1942049 1942498 
1942903 1943202 
1948854 1949135 
1949267 1949683 
1949831 1950622 
1950671 1951078 
1951078 1951764 
1951884 1952927 
1953091 1954317 
1954434 1956584 
1957514 1957798 
1959142 1962138 
1963261 1964709 
1964772 1966043 
1966084 1966533 
1966566 1967540 
1967905 1969158 
1969239 1970432 
1970484 1970732 
1970825 1971742 
1971739 1972389 
1972583 1973065 
1973189 1973542 
1973539 1974195 
1974311 1975705 
1975726 1976121 
1976125 1976616 
1976892 1979486 
1979917 1980921 
1981073 1981753 
1982213 1982848 
1982885 1983853 
1984079 1984828 
1984839 1985774 
1985837 1986448 
1986500 1986703 
1986975 1988246 
1988280 1988882 
1988897 1989412 
1989564 1989986 
1990236 1990415 
1990421 1991008 
1991030 1991776 
1991766 1992608 
1992726 1993034 
1993108 1993557 
1993897 1994790 
1994893 1995996 
1995889 1996485 
1996764 1998221 
1999003 2003172 
2003227 2005134 
2005445 2006674 
2006825 2008111 
2008111 2008314 
2008344 2008622 
2008615 2008830 
2008823 2009038 
2009241 2010584 
2010670 2011509 
2011549 2012535 
2013325 2013702 
2014139 2014513 
2014687 2015043 
2015040 2015825 
2016332 2016691 
2017680 2017886 
2017896 2018678 
2018842 2019051 
2019128 2019487 
2019492 2020988 
2021239 2021610 
2021607 2023172 
2023212 2024174 
2024365 2025084 
2025301 2026155 
2026095 2026259 
2026284 2027012 
2027185 2027418 
2027496 2028077 
2028138 2028728 
2029112 2030578 
2030765 2031322 
2031374 2031673 
2031772 2032551 
2032591 2033241 
2033249 2033857 
2033921 2034514 
2034519 2034866 
2034913 2035788 
2035823 2036353 
2036632 2037786 
2037840 2038787 
2038784 2039836 
2039846 2041273 
2041444 2042223 
2042210 2042554 
2042564 2043094 
2043187 2044302 
2044477 2045058 
2045120 2045974 
2046614 2047120 
2047117 2048895 
2049008 2049832 
2050339 2050551 
2050566 2051432 
2051433 2051627 
2052050 2052667 
2052689 2053789 
2053786 2055012 
2055299 2056741 
2056885 2057544 
2057534 2058202 
2058204 2058935 
2060317 2061138 
2061224 2062612 
2062613 2062837 
2063237 2064130 
2064173 2066875 
2066998 2067987 
2068041 2068370 
2068381 2068686 
2069049 2069480 
2069493 2069885 
2070266 2070760 
2070953 2071882 
2072011 2072760 
2072883 2073464 
2073483 2074832 
2074847 2075635 
2075967 2077757 
2077824 2078456 
2078549 2079373 
2079442 2080005 
2080088 2080525 
2080746 2081015 
2081015 2082790 
2082917 2083858 
2083867 2084742 
2085340 2087241 
2087686 2088063 
2088092 2088520 
2088566 2088880 
2088955 2091009 
2091125 2092963 
2093241 2094008 
2094041 2095366 
2095681 2096193 
2096416 2097582 
2097889 2099154 
2099226 2099555 
2099630 2101000 
2101055 2102035 
2102094 2103095 
2103189 2104037 
2104064 2104549 
2104633 2106201 
2106347 2107600 
2107868 2108407 
2109185 2109685 
2110458 2110826 
2110959 2111390 
2111496 2112419 
2112950 2113369 
2113465 2113869 
2114341 2115285 
2115500 2116687 
2116688 2116972 
2117465 2118778 
2119443 2119745 
2119773 2120003 
2120230 2120430 
2120434 2120745 
2120757 2121971 
2122673 2123455 
2123867 2124205 
2124213 2125298 
2126570 2127313 
2127343 2127906 
2130985 2132226 
2132386 2133102 
2133139 2134056 
2134242 2134760 
2134780 2136165 
2136556 2138097 
2138126 2138725 
2138722 2139327 
2139386 2139772 
2139825 2140295 
2140369 2140635 
2140792 2141475 
2141605 2142120 
2142259 2143533 
2143552 2144205 
2144240 2144998 
2145082 2145708 
2145753 2146727 
2146717 2147685 
2147913 2148878 
2149030 2151195 
2151701 2151991 
2152083 2153717 
2154370 2155956 
2155953 2156045 
2156081 2156521 
2156715 2157935 
2157946 2158116 
2158187 2158510 
2158543 2158962 
2158984 2159490 
2159634 2162426 
2162988 2163683 
2163923 2168317 
2168755 2170101 
2170975 2173404 
2173432 2174460 
2174755 2176371 
2176432 2178306 
2179486 2180724 
2180717 2180917 
2181106 2181873 
2182113 2182913 
2182961 2183737 
2183788 2184282 
2184313 2184903 
2184954 2185232 
2185229 2186056 
2186061 2186543 
2186543 2186926 
2186923 2187411 
2187626 2187988 
2188123 2188338 
2188595 2189230 
2189376 2191052 
2191259 2191864 
2191936 2192328 
2192527 2192973 
2193105 2193317 
2193606 2195456 
2195833 2196570 
2196572 2197258 
2197417 2198283 
2198346 2199044 
2199073 2199933 
2200607 2200960 
2200950 2201816 
2201873 2202109 
2202179 2202649 
2202654 2203187 
2203198 2204745 
2204770 2205645 
2205683 2207080 
2207091 2207513 
2207685 2208581 
2208698 2210761 
2211864 2212703 
2212746 2213633 
2214727 2215569 
2216270 2216995 
2217099 2217893 
2218111 2218596 
2218661 2219407 
2219469 2221034 
2221134 2223119 
2223141 2224067 
2224093 2224464 
2224511 2225473 
2226012 2226257 
2226320 2226571 
2226709 2227755 
2227845 2228372 
2228547 2228726 
2228760 2229260 
2229408 2229998 
2230060 2230770 
2230851 2232488 
2232661 2232882 
2232947 2233312 
2233315 2233449 
