36020 36081 62
52485 52582 98
160347 160410 64
205478 205540 63
225174 225233 60
249464 250519 1056
260553 260615 63
423860 423921 62
465378 465537 160
557779 557840 62
723905 723966 62
730865 731575 711
748223 749280 1058
885052 885113 62
1009793 1009854 62
1047864 1047925 62
1113192 1113255 64
1184452 1190619 6168
1264939 1264999 61
1318344 1318405 62
1327386 1333544 6159
1378433 1378494 62
1491653 1492709 1057
1605110 1605171 62
1719999 1726489 6491
1749480 1749599 120
1920147 1920208 62
1942752 1949252 6501
2051743 2051804 62
2125299 2125381 83
2188420 2188481 62
